quique@Quiques-MacBook-Pro minesweeper % python3 runner.py
pygame 2.0.1 (SDL 2.0.14, Python 3.8.6)
Hello from the pygame community. https://www.pygame.org/contribute.html
safe cells: {(3, 6)}
safe cells: {(4, 4), (2, 4), (3, 4), (4, 3), (2, 3), (4, 5), (3, 3), (3, 6), (2, 5), (3, 5)}
chosen one: (4, 5)
AI making safe move.
safe cells: {(4, 4), (2, 4), (3, 4), (4, 3), (2, 3), (4, 5), (3, 3), (3, 6), (2, 5), (3, 5)}
chosen one: (2, 3)
AI making safe move.
safe cells: {(4, 4), (2, 4), (1, 2), (2, 2), (3, 4), (4, 3), (1, 4), (2, 3), (4, 5), (3, 3), (3, 6), (3, 2), (2, 5), (1, 3), (3, 5)}
chosen one: (2, 4)
AI making safe move.
safe cells: {(4, 4), (2, 4), (1, 2), (2, 2), (3, 4), (4, 3), (1, 4), (2, 3), (4, 5), (3, 3), (3, 6), (3, 2), (2, 5), (1, 3), (3, 5)}
chosen one: (3, 2)
AI making safe move.
safe cells: {(3, 4), (4, 3), (3, 1), (2, 2), (2, 5), (1, 3), (4, 2), (4, 5), (3, 3), (3, 6), (2, 4), (1, 2), (2, 1), (3, 2), (4, 1), (3, 5), (4, 4), (1, 4), (2, 3)}
chosen one: (4, 2)
AI making safe move.
safe cells: {(3, 4), (4, 3), (3, 1), (2, 2), (2, 5), (1, 3), (4, 2), (4, 5), (3, 3), (3, 6), (2, 4), (1, 2), (2, 1), (3, 2), (4, 1), (3, 5), (4, 4), (1, 4), (2, 3)}
chosen one: (1, 3)
AI making safe move.
safe cells: {(3, 4), (4, 3), (3, 1), (2, 2), (2, 5), (1, 3), (4, 2), (4, 5), (3, 3), (3, 6), (2, 4), (1, 2), (2, 1), (3, 2), (4, 1), (3, 5), (4, 4), (1, 4), (2, 3)}
chosen one: (2, 2)
AI making safe move.
safe cells: {(3, 4), (4, 3), (3, 1), (2, 2), (2, 5), (1, 3), (4, 2), (4, 5), (3, 3), (3, 6), (2, 4), (1, 2), (2, 1), (3, 2), (4, 1), (3, 5), (4, 4), (1, 1), (1, 4), (2, 3)}
chosen one: (3, 1)
AI making safe move.
safe cells: {(3, 4), (4, 3), (3, 1), (2, 2), (2, 5), (1, 3), (4, 2), (4, 5), (3, 3), (3, 6), (2, 4), (1, 2), (2, 1), (3, 2), (4, 1), (3, 5), (4, 4), (1, 1), (1, 4), (2, 3)}
chosen one: (3, 3)
AI making safe move.
safe cells: {(3, 4), (4, 3), (3, 1), (2, 2), (2, 5), (1, 3), (4, 2), (4, 5), (3, 3), (3, 6), (2, 4), (1, 2), (2, 1), (3, 2), (4, 1), (3, 5), (4, 4), (1, 1), (1, 4), (2, 3)}
chosen one: (1, 4)
AI making safe move.
safe cells: {(3, 4), (4, 3), (3, 1), (2, 2), (2, 5), (1, 3), (4, 2), (4, 5), (3, 3), (3, 6), (2, 4), (1, 2), (2, 1), (3, 2), (4, 1), (3, 5), (4, 4), (1, 1), (1, 4), (2, 3)}
chosen one: (4, 4)
AI making safe move.
safe cells: {(3, 4), (4, 3), (3, 1), (5, 4), (2, 2), (2, 5), (1, 3), (4, 2), (4, 5), (3, 3), (3, 6), (5, 3), (2, 4), (1, 2), (2, 1), (3, 2), (4, 1), (3, 5), (4, 4), (5, 5), (1, 1), (1, 4), (2, 3)}
chosen one: (1, 2)
AI making safe move.
safe cells: {(3, 4), (4, 3), (3, 1), (5, 4), (0, 2), (2, 2), (2, 5), (1, 3), (4, 2), (4, 5), (3, 3), (3, 6), (5, 3), (0, 1), (2, 4), (1, 2), (2, 1), (3, 2), (4, 1), (3, 5), (4, 4), (5, 5), (1, 1), (0, 3), (1, 4), (2, 3)}
chosen one: (4, 1)
AI making safe move.
safe cells: {(3, 4), (4, 3), (3, 1), (5, 4), (0, 2), (2, 2), (2, 5), (1, 3), (4, 2), (4, 5), (3, 3), (3, 6), (5, 3), (0, 1), (2, 4), (1, 2), (2, 1), (3, 2), (4, 1), (3, 5), (4, 4), (5, 5), (1, 1), (0, 3), (1, 4), (2, 3)}
chosen one: (1, 1)
AI making safe move.
safe cells: {(3, 4), (4, 3), (3, 1), (5, 4), (0, 2), (2, 2), (1, 0), (2, 5), (1, 3), (4, 2), (4, 5), (3, 3), (3, 6), (5, 3), (0, 1), (2, 4), (1, 2), (2, 1), (3, 2), (4, 1), (3, 5), (4, 4), (5, 5), (0, 0), (1, 1), (0, 3), (2, 0), (1, 4), (2, 3)}
chosen one: (5, 3)
AI making safe move.
safe cells: {(3, 4), (4, 3), (3, 1), (5, 4), (5, 1), (0, 2), (2, 2), (1, 0), (2, 5), (1, 3), (4, 2), (4, 5), (3, 3), (3, 6), (5, 3), (0, 1), (2, 4), (1, 2), (2, 1), (3, 2), (4, 1), (3, 5), (5, 2), (4, 4), (5, 5), (0, 0), (1, 1), (0, 3), (2, 0), (1, 4), (2, 3)}
chosen one: (5, 5)
AI making safe move.
safe cells: {(3, 4), (4, 3), (3, 1), (5, 4), (4, 6), (5, 1), (0, 2), (2, 2), (1, 0), (2, 5), (1, 3), (4, 2), (4, 5), (3, 3), (5, 6), (3, 6), (5, 3), (0, 1), (2, 4), (1, 2), (2, 1), (3, 2), (4, 1), (3, 5), (5, 2), (4, 4), (5, 5), (0, 0), (1, 1), (0, 3), (2, 0), (1, 4), (2, 3)}
chosen one: (2, 0)
AI making safe move.
safe cells: {(4, 0), (3, 4), (4, 3), (3, 1), (5, 4), (4, 6), (5, 1), (0, 2), (2, 2), (1, 0), (2, 5), (1, 3), (4, 2), (3, 0), (4, 5), (3, 3), (5, 6), (3, 6), (5, 3), (0, 1), (2, 4), (1, 2), (2, 1), (3, 2), (4, 1), (3, 5), (5, 2), (4, 4), (5, 5), (0, 0), (1, 1), (0, 3), (2, 0), (1, 4), (2, 3)}
chosen one: (4, 0)
AI making safe move.
safe cells: {(4, 0), (3, 4), (4, 3), (3, 1), (5, 4), (4, 6), (5, 1), (0, 2), (2, 2), (1, 0), (2, 5), (1, 3), (4, 2), (3, 0), (4, 5), (3, 3), (5, 6), (3, 6), (5, 3), (0, 1), (2, 4), (1, 2), (2, 1), (3, 2), (4, 1), (3, 5), (5, 2), (4, 4), (5, 5), (0, 0), (1, 1), (0, 3), (2, 0), (1, 4), (2, 3)}
chosen one: (5, 6)
AI making safe move.
safe cells: {(4, 0), (3, 4), (4, 3), (3, 1), (5, 4), (4, 6), (5, 1), (0, 2), (2, 2), (1, 0), (2, 5), (1, 3), (6, 5), (4, 2), (3, 0), (4, 5), (3, 3), (5, 6), (3, 6), (5, 3), (0, 1), (2, 4), (1, 2), (2, 1), (6, 4), (3, 2), (4, 1), (3, 5), (5, 2), (4, 4), (5, 5), (0, 0), (1, 1), (0, 3), (2, 0), (1, 4), (2, 3), (6, 6)}
chosen one: (5, 4)
AI making safe move.
safe cells: {(4, 0), (3, 4), (4, 3), (3, 1), (5, 4), (4, 6), (5, 1), (0, 2), (2, 2), (1, 0), (2, 5), (1, 3), (6, 5), (4, 2), (3, 0), (4, 5), (3, 3), (5, 6), (3, 6), (5, 3), (0, 1), (2, 4), (1, 2), (2, 1), (6, 4), (3, 2), (4, 1), (3, 5), (5, 2), (4, 4), (5, 5), (0, 0), (1, 1), (0, 3), (2, 0), (1, 4), (2, 3), (6, 6), (6, 3)}
chosen one: (0, 0)
AI making safe move.
safe cells: {(4, 0), (3, 4), (4, 3), (3, 1), (5, 4), (4, 6), (5, 1), (0, 2), (2, 2), (1, 0), (2, 5), (1, 3), (6, 5), (4, 2), (3, 0), (4, 5), (3, 3), (5, 6), (3, 6), (5, 3), (0, 1), (2, 4), (1, 2), (2, 1), (6, 4), (3, 2), (4, 1), (3, 5), (5, 2), (4, 4), (5, 5), (0, 0), (1, 1), (0, 3), (2, 0), (1, 4), (2, 3), (6, 6), (6, 3)}
chosen one: (0, 2)
AI making safe move.
safe cells: {(4, 0), (3, 4), (4, 3), (3, 1), (5, 4), (4, 6), (5, 1), (0, 2), (2, 2), (1, 0), (2, 5), (1, 3), (6, 5), (4, 2), (3, 0), (4, 5), (3, 3), (5, 6), (3, 6), (5, 3), (0, 1), (2, 4), (1, 2), (0, 4), (2, 1), (6, 4), (3, 2), (4, 1), (3, 5), (5, 2), (4, 4), (5, 5), (0, 0), (1, 1), (0, 3), (2, 0), (1, 4), (2, 3), (6, 6), (6, 3)}
chosen one: (3, 5)
AI making safe move.
safe cells: {(4, 0), (3, 4), (4, 3), (3, 1), (3, 7), (5, 4), (4, 6), (5, 1), (0, 2), (2, 2), (1, 0), (2, 5), (1, 3), (6, 5), (4, 2), (3, 0), (4, 5), (3, 3), (5, 6), (3, 6), (5, 3), (0, 1), (2, 4), (1, 2), (0, 4), (2, 1), (2, 7), (6, 4), (3, 2), (4, 1), (4, 7), (3, 5), (5, 2), (4, 4), (5, 5), (0, 0), (1, 1), (0, 3), (2, 0), (1, 4), (2, 3), (2, 6), (6, 6), (6, 3)}
chosen one: (5, 2)
AI making safe move.
